v3.0 hex words addressed
00: 0000 0000 0000 0000 0000 0000 0000 0000 0001 0000 0000 0000 0000 0000 0000 0000
10: c10d 0000 0000 0000 0000 0000 0000 0000 812d 0000 0000 0000 0000 0000 0000 0000
20: 0092 0085 0000 0000 0000 0000 0000 0000 0015 0000 0000 0000 0000 0000 0000 0000
30: c10b 0000 0000 0000 0000 0000 0000 0000 812b 0000 0000 0000 0000 0000 0000 0000
40: 8102 0601 0000 0000 0000 0000 0000 0000 8110 0601 0000 0000 0000 0000 0000 0000
50: 0400 8105 0000 0000 0000 0000 0000 0000 0000 0000 0000 0000 0000 0000 0000 0000
60: 8005 0000 0000 0000 0000 0000 0000 0000 8003 0000 0000 0000 0000 0000 0000 0000
70: 0049 0000 0000 0000 0000 0000 0000 0000 0041 0000 0000 0000 0000 0000 0000 0000
80: 0802 1012 6005 0000 0000 0000 0000 0000 0802 1010 6005 0000 0000 0000 0000 0000
90: 0802 1012 6005 0000 0000 0000 0000 0000 0802 1010 6005 0000 0000 0000 0000 0000
a0: 0812 6005 0000 0000 0000 0000 0000 0000 0810 6005 0000 0000 0000 0000 0000 0000
b0: 0802 1012 6005 0000 0000 0000 0000 0000 0802 1010 6005 0000 0000 0000 0000 0000
c0: 0802 1012 6005 0000 0000 0000 0000 0000 0802 1010 6005 0000 0000 0000 0000 0000
d0: 0802 1012 6005 0000 0000 0000 0000 0000 0802 1010 6005 0000 0000 0000 0000 0000
e0: 0802 1012 4001 0000 0000 0000 0000 0000 0802 1010 4001 0000 0000 0000 0000 0000
f0: 4901 0000 0000 0000 0000 0000 0000 0000 0921 0000 0000 0000 0000 0000 0000 0000
